31
210
27
11
17
945
71
699
49
20
11939
384
40
237
885
26
15
951
24
17
34
19
1101
192
48
72
13
64
144
956
17
631
13
41
42
340
249
26
943
31
24
296
47
3771
30
25
15
6218
11
85
20
150
30
211
129
1057
10
28
16
58
17
11
181
23
46
51
161
15
13
13
27
45
61
10
1741
10
14
18
22
18
18
135
51
140
11
20
12
1544
576
52
18
96
46
15
320
28
11
56
2811
21
990
14
17
171
68
14
10
175
10
14
11
54
13
54
38
21
12
14
16
33
42
90
282
34
210
73
14
20
63
18
29
14
30
120
878
30
458
443
29
14
129
11
14
14
302
11
14
32
70
22
14
10
25
31
12
13
20
12
1094
30
20
81
39
32
34
256
10
58
49
47
74
36
5810
503
11
13
10
23
21
23
14
52
56
21
1619
47
165
103
58
916
13
11
21
45
209
59
112
14
33
2181
16
53
566
13
19
11
294
5798
17
11
401
14
26
11
15
61
129
25
79
74
10
37
14
30
1059
10
33
22
33
11
27
25
37
125
12
17
67
50
457
15
230
18
42
15
60
13
67
91
28
12
24
16
609
28
71
1089
56
23
77
40
58
20
19
10
40
17
18
19
65
14
70
14
246
39
19
13
11
1496
87
459
18
60
15
145
423
5950
2491
49
11
72
14
22
28
1855
10
178
89
223
11
41
18
68
13
10
11
13
22
89
158
148
35
11
742
14
13
35
1671
11
22
1525
718
77
75
33
30
16
10
15
14
18
38
23
91
396
13
22
17
13
159
26
50
686
78
317
33
39
35
729
11
10
117
160
46
18
61
128
50
19
429
18
22
32
153
18
11
62
17
30
24
18
15
24
27
19
21
16
484
13
27
11
18
14
31
26
13
10
28
167
71
10
15
34
32
21
10
10
34
12
37
13
38
26
11
26
22
18
32
93
76
1460
12
12
15
24
21
209
11
16
14
42
21
245
10
39
289
70
168
10
330
12
45
51
30
68
21
25
23
46
77
10
13
56
87
32
29
12
260
290
11
10
15
190
21
19
103
210
15
17
10
18
11
147
3986
88
15
13
21
11
10
21
74
33
13
18
29
10
20
15
17
15
11
12
69
25
57
49
45
78
112
28
11
10
197
5777
19
33
579
15
27
33
356
226
462
824
512
37
24
12
15
12
29
232
11
18
71
65
779
39
554
29
46
64
29
242
10
113
487
471
297
493
21
34
23
11
96
17
16
47
95
19
19
378
270
10
524
10
31
41
50
23
146
16
20
269
21
12
14
18
47
21
10
12
6494
41206
14
15
124
171
17
181
10
72
14
16
17
18
10
3841
34
11
10
603
10
53
145
907
16
203
27
34
12
18
12
15
28
20
29
29
85
622
23
14
551
11
17
19
1453
17
179
30
140
154
11
13
543
19
12
47
13
25
133
3643
39
14
95
116
24
13
192
71
10
49
295
200
13
140
279
63
10
10
207
12
10
45
15
31
23
457
39
10
16
21
16
29
13
17
19
44
101
12
16
156
13
21
19
137
21
77
15
36
220
21
10
30
37
14
25
29
23
67
38
96
508
19
286
13
98
15
17
12
32
12
12
43
82
40
14
15
21
17
10
18
13
38
449
12
10
35
1831
20
1613
24
30
18
14
16
18
25
797
13
51
30
14
12
85
15
244
16
194
11
22
13
12
115
17
10
88
21
130
69
19
8025
11
12
75
255
69
24
13
14
40
23
11
85
222
14
18
32
70
10
20
27
21
78
121
210
14
22
18
10
16
13
10
16
168
63
176
18
16
14
170
146
24
582
47
22
34
92
10
35
663
13
25
15
19
9674
55
16
172
51
16
274
34
98
13
68
63
24
46
25
30
551
14
43
47
18
18
98
20
496
87
20
15
6887
15
13
915
173
29
10
64
38
18
18
15
199
10
10
162
11
28
18
20
30
227
40
42
33
19
11
41
26
497
30
21
62
14
115
12
115
540
19
75
20
11
13
15
19
35
10
331
14
109
81
58
12
11
72
13
11
24
18
11
18
266
122
975
10
294
25
1219
29
252
15
40
16
50
281
27
16
27
11
22
659
145
20
14
13
42
17
16
15
11
11
14
14
100
34
10
24
13
51
26
14
142
57
780
48
12
22
21
31
391
25
143
70
24
175
11
804
20
11
58
160
19
89
38
67
791
13
22
60
12
83
13
86
12
47
37
14
18
98
16
231
169
15
92
405
529
1346
306
11
14
306
39
16
18
127
10
10
19
25
912
32
22
108
31
483
63
73
271
43
42
69
39
17
696
11
33
16008
111
2004
12
47
23
330
173
507
81
26
277
41
12
11
23
47
71
40
10
811
14
371
42
111
45
48
139
199
11
10
10
25
534
25
13
17
18
17
41
647
820
10
10
21
23
16
60
12
384
13
40
233
51
844
11
66
13
11
12
30
36
55
37
30
11
10
12
396
17
170
142
17
50
15
14
14
1669
14
28
42
89
14
89
18
52
71
66
33
18
143
10
17
33
33
40
15
13
18
125
52
171
23
11
11
17
131
11
16
63
12
24
18
176
11
10
38
12
21
102
3893
11
15
13
17
10
1463
164
18
24
44
27
23
21
114
17
11
14
18
89
11
174
98
17
20
26
23
23
15
27
31
79
53
24
610
30
5595
131
1710
172
11
21
32
20
14
20
299
28
52
21
19
18
14
37
82
168
26
11
13
670
624
16
2139
30
20
11
19
12
13
11
15
654
22
73
10
34
88
56
8329
42
15
16
19
148
10
20
50
12
16
10
27
40
18
130
10
92
16
19
18
165
875
10
87
10
45
18
10
14
28
106
80
90
20
10
1169
67
22
16
18
150
19
13
965
2635
15
15
23
18
20
25
21
12
18
10
16
770
10
65
19
421
61
168
29
856
76
19
25
10
1020
51
209
30
18
21
29
11
10
10
30
112
67
17
64
23
17
19
28
40
120
46
14
10
11
12
16
31
63
56
27
27
14
11
48
40
12
15
80
59
58
20
60
36
26
21
118
24
14
11
14
15
232
25
22
38
87
404
16
17
14
12
18
33
173
14
68
23
16
20
12
19
70
10
155
11
14
10
28
469
14
23
16
19
27
24
12
52
99
10
374
10
32
15
26
11
1351
10
19
75
10
26
18
100
19
29
247
43
112
15
10
16
12
22
12
78
602
15
2101
43
19
118
12
11
18
42
14
145
31
13
69
58
15
12
54
13
20
13
30
1123
68
125
13
29
30
52
47
22
3028
14
11
21
764
13
21
24
76
109
91
320
49
39
10
747
16
12
33
12
19
22
35
41
33
35
17
23
51
131
20
12
18
13
13
23
16
14
23
29
23
24
11
12
53
24
10
31
25
156
35
821
18
16
12
11
106
14
208
150
13
40
24
50
27
90
18
322
124
19
11
190
11
20
13
13
18
10
331
30
29
16
12
19
225
12
33
15
24
10
194
94
90
17
163
18
16
25
15
14
34
23
97
74
149
1060
22
10
11
59
16
153
30
12
77
15
16
14
18
36
20
16
161
132
47
23
20
434
22
58
15
41
845
287
16
16
31
59
38
28
1079
34
10
98
76
237
458
42
32
40
13
20
11
10
14
10
72
25
10
20
48
13
28
13
84
12
25
25
19
56
32
11
18
264
12
33
13
19
21
312
20
55
12
76
25
21
19
329
15
125
688
11
15
606
12
14
10
12
16
11
29
11
10
10
28
1712
79
72
41
31
110
263
10
14
17
11
17
14
366
126
10
275
35
96
37
48
46
514
15
32
362
159
215
20
32
25
33
68
42
34
32
15
16
24
172
35
10
14
276
20
35
10
39
20
18
20
20
799
49
424
46
15
15
246
10
12
45
41
44
11
25
299
39
10
63
33
11
18
13
12
10
75
15
16
13
11
301
25
27
53
13
14
165
21
14
58
21
16
10
77
19
48
52
16
37
113
24
34163
10
84
37
10
11
43
119
35
10
10
62
1919
16
10
38
23
40
27
15
11
65
11
60
36
22
20
18
63
30
605
37
24
147
24
10
31
51
51
12
19
12
24
18
5311
183
234
13
14
415
21
867
107
311
19
17
12
13
136
81
210
18
13
60
11
67
18
54
11
16
16
47
17
16
11
35
14
15
664
83
42
15
179
180
15
16
17
21
11
945
12
1246
19
13
51
87
42
25
74
22
22
12
44
78
73
52
13
23
25
14
46
15
84
30
165
12
12
49
10
17
20
400
10
20
11
33
93
19
153
16
17
20
205
135
490
717
47
14
28
13
286
35
36
24
12
138
26
15
41
44
201
19
370
17
120
251
98
25
18
79
14
27
11
139
43
366
12
72
1161
12
35
11
18
64
46
10
1798
449
61
44
125
270
19
377
12
17
46
19
18
17
22
171
24
15
11
16
13
11
32
10
26
12
19
62
13
19
22
83
34
43
20
34
61
5201
11
2397
10
215
28
217
19
618
27
2442
26
46
408
35
11
12
94
77
525
2048
74
168
13
24
26
21
251
81
12
29
18
36
12
13
10
310
14
35
14
561
43
18
86
35
90
11
574
598
81
12
936
30
114
273
54
468
1015
61
27
714
13
1050
55
18
48
207
28
11
31
42
1193
12
46
89
260
17
18
237
22
28
10
48
60
4865
15
26
10
57
18
11
45
15
10
10
12
14
34
19
13
13
150
17
10
130
49
16
36
13
53
21
10
45
16
25
1233
20
28
83
16
171
219
57
980
218
67
20
10
27
29
45
11
10
33
197
13
12
33
64
29
13
28
14
12
37
36
13
13
43
30
26
13
42
38
17
19
15
16
35
57
21
26
10
31
14
11
10
80
848
21
20
22
28
10
11
39
18
10
46
46
184
70
41
10
30
17
13
43
34
23
13
25
71
10
15
11
29
128
56
202
124
23
69
14
46
57
94
27
87
293
2210
14
57
11
88
10
484
338
13
10
97
11
11
15
14
17
32
16
93
14
15
57
69
10
17
20
23
83
11
23
93
102
31
26
193
28
29
11
158
16
27
25
25
243
80
54
40
38
49
141
69
70
426
61
11
564
28
23
223
345
44
30
21
26
19
12
422
10
10
31
17
10
35
14
20
13
13
10
13
64
30
48
48
132
78
10
19
12
16
10
91
286
46
12
19
16
84
48
113
40
82
30
12
129
13
134
324
31
11
40
18
18
625
24
21
40
12
57
14
12
14
10
54
10
35
20
59
16
21
10
47
209
21
15
11
19
20
11
11
62
11
34
10
19
53
118
405
11
44
16
16
15
456
1251
1818
11
13
25
11
15
99
17
106
14
16
12
218
12
16
166
12
16
24
42
31
744
45
23
15
40
52
17
2405
33
12
10
18
18
13
17
17
843
25
30
22
25
10
10
12
13
10
80
12
30
90
11
17
11
266
412
12
29
78
16
10
14
28
58
11
39
17
10
85
10
578
20
11619
15
11
45
138
14
16
15
11
462
26
17
653
250
16
50
22
13
13
130
614
13
55
19
10
39
85
105
42
39
31
22
44
10
46
22
10
11
490
17
164
66
122
71
1152
11
13
20
125
10
22
10
16
14
50
10
34
21
11
19
24
80
34
53
20
65
10
12
13
14
23
22
10
22
12
59
46
64
163
27
12
11
12
106
19
2372
43
48
49
15
120
17
10
12
22
25
13
285
39
43
16
2222
14
10
16
12
288
36
11
19
138
1982
20
46
10
16
16
141
46
51
10
77
38
31
584
58
10
20
25
14
54
33
48
77
608
38
45
55
22
14
20
2870
583
40
49
11
181
268
27
105
64
63
54
10
375
22
291
73
56
1913
10
33
11
10
34
70
13
29
19
74
42
19
14
31
17
27
11
75
20
22
31
11
13
271
10
20
11
10
35
34
347
21
24
21
11
214
11
10
26
60
24
46
10
49
873
17
120
17
175
38
11
709
11
295
17
723
115
25
10
12
57
17
23
172
31
24
19
34
90
13
1230
11
14
8077
280
322
83
163
173
16
616
21
237
361
61
16
16
11
31
405
172
11
244
135
11
11
63
51
45
54
12
37
49
421
2641
16
141
11
26
1814
11
56
23
69
224
45
4048
11
26
12
36
16
15
612
60
306
103
910
20
18
41
12
10
4356
19
21
32
35
13
134
802
13
197
14
44
22
169
37
11
29
71
38
42
18
513
26
239
30
55
22
19
10
216
14
11
20
187
14
877
30
10
7889
17
35
430
18
16
51
12
11
286
32
30
37
54
27
137
237
72
147
12
76
16
1278
14
11
23
16
11
21
18
26
6263
42
359
14
65
12996
34
3076
12
29
20
38
809
45
37
11
37
14
18
32
33
36
990
16
5910
19
78
162
13
15
25
10
43
16
401
48
412
318
742
30
110
16
16
61
14
848
18
10
22
10
144
110
13
18
16
19
15
23
14
13
23
12
15
76
19
45
272
246
34
35
32
1449
36
23
102
278
287
18
10
33
39
41
273
83
203
41
63
127
936
29
12
15
12
66
89
25
154
51
117
15
10
18
215
207
18
20
11
218
37
36
134
65
14
1817
35
24
57
118
71
58
10
33
21
28
10
3754
415
12
10
53
11
25
42
43
28
24
28
521
100
10
28
12
11
95
677
27
134
13
34
14
29
22
13
113
24
16
237
38
45
73
149
33
21
40
16
1150
24
385
133
10
172
20
43
37
16
12
293
26
41
45
754
17
25
14
23
29
133
56
47
17
16
50
11
1212
68
39
282
30
175
61
14
13
51
93
143
726
10
11
11
115
224
35
51798
14
10
38
58
40
12
996
13
11
68
16
24
17
11
45
14
14
31
190
21
39
11
56
47
14
5549
578
13
29
17
33
13
631
434
12
10
19645
10
46
837
152
13
29
22
24
16
21
10
41
53
19
18
63
14
2207
23
283
69
29
15
21
52
12
17
22
38
19
25
125
40
118
18
13
93
11
36
38
12
170
27
28
33
100
10
27
15
15
70
123
51
11
19
12
36
22
1263
17
25
25
14
56
13
59
926
25
1636
1797
44
119
358
15
28
27
10
28
41
71
42
16
39
57
18
94
29
2623
31
12
1260
28
17
609
69
324
83
96
15
281
80
301
12
51
10
324
18
19
16
17
17
496
38
101
11
18
18
25
13
13
22
13349
90
27
24
15
48
12
628
95
29
24
114
13
13
15
63
12
27
18
16
18
37
19
12
1041
139
51
17
13
21
21
210
23
144
137
142
13
167
21
145
426
37
1032
479
25
13
90
60
494
69
10
19
60
96
10
33
46
14
18
39
29
95
12
12
38
15
61
14
86
10
84
14
57
380
1560
313
54
73
68
236
10
16
87
10
12
15
60
221
17
11
68
10
18
15
15
31
179
10
15
30
34
11
19
203
19
4844
43
17
20
10
12
30
12
15
799
200
11
11
142
50
11
10
88
259
126
26
10
24
26
672
13
23
10
11
13
10
28
11
23
14
23
11
25
49
15
16
23
17
12
26
31
12
21
23
41
581
32
17
12
191
148
14
25
32
61
309
14
73
10
146
2175
145
4343
13
230
124
20
55
16
44
10
25
19
15
16
4107
10
13
7185
14
14
35
24
25
252
31
20
466
18
93
34
18
132
18
54
27
27
10
24
19
16
20
15
19
22
15
10
31
12
15
73
54
10
133
10
23
19
232
38
21
39
16
11
701
13
24
2928
71
59
27
626
12
12
82
12
35
60
15
13
22
134
309
278
20
11
673
263
13
162
10
52
51
11
245
19
17
63
7803
64
60
11
14
27
17
315
10
15
26
16
29
1255
115
16
298
11
11
14
153
26
49
21
17
31
41
201
26
1667
15
2878
51
297
24
294
413
21
52
17
29
12
11
12
11
10
377
41
58
334
354
186
178
20
91
39
16
34
66
24
12
14
11
31
15
14
53
10
11
11
14
11
17
38
20
37
10
1122
18
15
32
66
3600
15
238
45
21
37
21
10
59
855
22
73
21
20
40
23
41
120
30
16
29
49
23
63
17
19
14
195
13
12
530
71
28
12
12
17
522
113
10
33
28
201
187
105
24
69
33
11
14
15
111
23
16
14
22
12
30
141
42
99
14
32
2698
11
101
15
12
36
15
15
48
397
260
15
493
12
10
47
23
18
91
19
66
22
16
10
48
79
46
23
17
21
111
11
38
11
71
13
25
10
32
32
16
22
249
301
15
10
16
51
20
16
19
44
4179
18
26
10
467
10
76
5092
1394
10
20
10
552
15
270
19
660
15
32
12
10
85
19
40
11
171
19
13
15
3705
53
291
63
10
56
24
28
86
11
1372
16
24
54
11
14
48
64
58
36
147
12
343
10
74
21
10901
28
195
16
32
100
14
18
174
907
43
13
22
50
34
540
25
132
56
11
47
18
21
50
23
18
16
91
26
14
4469
19
13
11
11
11
272
20
30
29
18
43
18
15
38
35
15
15
25
11
2052
44
162
11
855
21
10
148
18
107
115
50
25
223
14
261
16
1812
30
1924
305
875
1133
21
35
124
52
237
532
15
1689
116
15
19
21
13
24
24
331
2260
18
40
146
40
126
19
61
27
64
14
44
288
12
17
46
271
82
18
121
32
19
66
33
25
21
11
40
60
45
65
429
38
16827
6666
17
11
12
61
72
26
110
11
41
133
11
142
39
10
581
13
15
12
3909
11
187
323
14
416
13
25
105
43
258
1945
25
13
11
875
43
12
21
187
11
453
32
1225
11
65
556
14
120
130
53
58
16
57
149
52
114
19
10
193
119
38
20
64
89
10
124
194
30
21
62
261
57
170
81
31
30
12
27
11
28
11
29
15
1275
78
11
27
48
342
39
487
18
10
48
16
12
396
264
29
29
543
72
19
59
54
17
10
35
14
12
13
10
28
20
13
28
22
12
46
16
14
16
224
40
10
471
293
170
144
47
21
38
17
11
195
99
37
11
10
13
124
60
52
38
84
833
11
12
95
34
33
83
488
19
22
19
2779
45
282
27
43
769
20
13
32
72
113
14
10
56
43
13
43
12
21
611
699
10
22
11
15
12
12
92
19
11
10
69
70
10
18
19
29
10
25
766
18
23
52
12
25
18
95
782
45
11
11
43
10
30
70
15
13
6244
63
14
289
1030
11
21
11
388
11
18
60
29
54
14
2560
14
20
41
29
19
10
10
3100
34
11
29
12
98
15
487
90
88
10
27
11
64
21
312
1839
17
226
33
47
15
55
68
15
36
21
225
33
21
51
15
132
1784
97
20
223
10
66
19
15
15
21
13
100
11
1192
11
141
10
14
99
10
1427
54
96
13
61
167
38
296
26
1085
23
10
87
17
35
10
12
12
28
30
556
815
20
121
10
200
47
12
226
243
26
10
42
41
16
14
28
2129
24
39
16
163
37
2401
11
142
27
114
16
19
19
84
88
145
69
11
68
27
10
346
10
23
13
11
48
21
10
26
11
11
405
1079
11
73
26
10
18
11
22
28
152
21
19
21
51
10
23
21
16
54
22
32
117
38
20
25
14
58
23
24
270
23
27
16
12
30
80
1381
22
15
75
17
14
14
542
11
10
25
12
11
25
16
48
74
74
10
90
14
20
12
53
166
17
10
24
13
15
901
15
14
21
25
345
179
19
23
111
5181
446
10
99
1058
201
11
154
28
14
12
603
125
11
12
11
316
1421
11
86
247
10
35
35
16
36
17
606
2011
19
246
83
188
10
783
16
17
39
20
32
13
13
54
13
18
50
38
36
21
17
23
20
29
15
12
107
21
42
21
10
15
18
14
33
43
115
33
15
56
12
51
16
374
1122
1076
55
159
19
35
19
12
56
58
28
12
329
39
34
50
10
188
40
18
15
12
410
377
115
38
612
12
20
15
11
41
19
27
262
12
42
11
21
54
13
16
35
46
13
86
45
16
79
12
15
24
133
14
19
97
425
16
209
15
17
18
35
13
11
286
93
26
1003
14
17
632
32
258
26
22
38
224
215
19
536
123
33
36
173
109
142
10
132
15
47
126
30
41
15
14
13
95
17
10
86
39
73
12
627
17
174
27
24
32
65
68
96
15
15
111
90
14
18
24
65
419
10
21
127
50
10
12
24
188
88
40
19
302
69
25
397
18
27
953
470
16
345
22
41451
113
47
189
22
10
20
1193
20
54
13
14
10
34
10
394
201
19
39
15
23
22
1465
14
10
91
29
10
10
198
33
26
26
18
36
11
40
35
226
300
2306
35
105
12
15
125
130
219
24
21
13
13
26
33
23
24
10
16
24
42
13
25
56
14
41
157
32
14
49
52
13
20
16
22
47
94
13
116
21
15
13
23
24
57
31
15
13
10
10
21
46
15
13
352
27
18
34
42
10
11
51
16
58
50
65
3596
20
42
10
93
10
240
642
22
26
18
27
136
75
15
16
13
14
21
31
12
12
314
13
14
3616
466
97
20
40
19
31
13
23
34
32
10
381
52
76
32
26
19
17
18
29
25
15
57
3182
201
512
14
108
59
128
51
3640
19
24
14
19
536
22
11
28
24
204
11
143
62
14
40
139
67
60
36
469
16
15
30
70
10
11
11
37
10
62
182
147
24
966
43
64
53
19
32
187
19
42
14
13
58
152
10
20
563
12
67
153
24
56
21
10
18
16
33
96
10
25
12
256
24
17
11
20
19
399
32
38
10
11
17
66
10
43
25
22
16
12
236
421
138
22
27
83
25
12
125
13
17
15
27
16
48
76
15
404
28
42
11
12
139
27
29
19
11
76
923
10
123
38261
10
10
191
420
11
92
24
70
24
161
11
75
14
22
217
20
33
251
14
10
15
18
317
10
12
17
28
38
10
572
30
20
14
19
199
20
18
94
17
97
28
571
14
15
29
113
40
30
13
105
12
45
13
18
18
139
14
12
111
19
236
55
13
10
43
55
25
33
19
380
44
12
86
10
15
19
18
317
14
409
15
179
11
30
17
361
10
79
23
370
18
54
29
33
441
49
77
69
413
323
32
34
79
43
446
11
28
37
601
103
16
28
2787
52
98
30
41
21
247
13
79
571
23
253
100
37
23
42
19
17
10
25
22
892
57
26
239
13
71
4662
13
55
1111
47
16
20
33
198
10
31
13
12
108
2668
14
26
248
71
18
10
20
225
50
19
159
12
46
14
532
53
51
26
14
86
10
67
344
102
20
20
38
391
101
17
725
11
26
65
14
13
10
896
26
10
53
17
20
35
72
35
35
289
45
10
25
15
17
36
361
16
39
26
1077
15
25
373
336
31
54
90
19
28
17
40
54
94
115
37
167
28
18
42
12
11
137
29
16
13
2668
97
98
13
18
10
738
207
19
19
16
22
42
13
33
337
62
14
17
52
131
92
126
45
10
66
274
12
1672
31
14
295
42
42
15
117
12
287
12
42
21
15
27
16
71
1165
41
10
26
12
10
25
19
11
749
20
11
181
15
10
211
32
200
13
33
38
10
11
14
9506
52
121
15
27
34
34
18
418
29
13
11
4835
10
19
571
81
33
136
14
21
33
11
48
61
16
12
10
17
34
23
16
11
15
107
12
33
4229
11
30
12
13
5462
51
71
171
10
14
17
25
13
157
286
91
11
10
11
11
10
22
20
426
29
15
302
160
14
801
12
19
59
47
12
88
4905
1214
73
25
10
32
18
1765
14
26
56
55
74
128
15
59
16
10
24
436
2903
29
12
705
24
200
66
37
29
22
43
23
14
11
11
214
16
29
11
52
18
18
17
32
32
75
18
15
145
95
10
28
13
21
580
16
14
14
29
17
2201
11
13
117
24
134
1006
24
17
125
39
38
12
16
15
49
60
429
17
10
12
15
501
17
72
38
173
15
52
10
1800
63
23
582
2299
92
103
15
75
18
20
14
73
33
65
875
35
29
17
15
24
74
567
97
10
95
691
11
497
12
22
19
38
22
140
22
53
14
12
45
485
16
17
48
13
456
115
11
19
13
66
146
24
56
122
55
21
12
65
11
10
13
38
43
23
205
21
11
16
32
39
51
80
11
27
19
30
43
11
40
20
171
798
22
12
21
38
12
14
18
299
149
15
19
12
26
167
16
45
84
75
13
127
14
14
92
12
855
567
1219
16
14
55
107
16
92
109
64
24
47
25
18
56
26
46
68
13
24
11
21
66
50
22
10
433
526
21
13
29
10
236
20
47
26
12
96
36
44
10
522
26
110
75
84
63
63
92
10
19
14
16
19
98
172
15
54
346
13
101
24
152
22
11
13
29
214
52
32
10
16
21
48
10
33
11
14
134
2005
216
50
12
10
16
99
3958
17
103
11
10
17
45
31
53
36
15
1548
11
38
716
18
1362
11
175
15
17
13
12
15
184
10
51
319
12
1083
35
412
1992
33
16
24
31
39
79
19
148
22
17
18
685
18
17
123
64
13
63
26
103
21
35
11
189
127
1231
900
174
455
16
156
20
15
200
23
16
10
161
29
185
10
34
30
36
49
16
69
4663
70
36
12
247
17
51
14
1533
31
113
105
1165
18627
42
14
12
15
12
27
60
16
12
24
20
44
504
152
35
36
11
10
84
45
11
138
35
11
22
72
37
49
110
18
32
44
51
10
13
11
1945
50
18
19
23
33
640
210
126
1063
61
742
60
26
23
52
170
12
413
12
19
20
368
22
25
19
86
19
22
13
39
17
41
17
30
184
20
39
98
11
2297
11
10
37
14
19
34
29
12
28
634
21
38
324
228
17
420
29
27
30
113
31
15
17
328
295
10
11
587
26
13
18
19
379
152
356
383
54
49
244
152
21
36
2506
37
1696
15
10
1413
47
56
92
1165
310
1257
24
83
82
28
189
125
22
135
10
56
33
289
162
29
16
41
57
13
13
10
160
47
29
42
39
118
27
71
154
14
19
11
10
98
15
11
62
29
801
82
22
13
33
154
83
22
62
57
17
14
21
16
12
20
18
53
11
15
39
13
11
15
18
15
18
13
21
14
342
47
26
11
414
21
35
169
26
10
24
38
11
14
50
101
23
23
15
326
17
10
16
15
89
16
10
16
10
65
297
548
15
15
389
37
14
173
13
10
32
19
16
12
342
15
67
27
603
12
85
15
38
526
10
20
22
16
19
148
94
20458
20
10
24
819
56
78
829
12
276
15
232
62
61
14
123
804
94
45
17
15
